0000000000000000000000000000000000000000
0001010100000000000000000000000110000000
0000101000000000000000000000010010000000
0000000000000000000000000000011010110000
0000000000000000000000000000001010010000
0000000000000111000000000000001000010110
0000000000000000000000000000000111010110
0000000000000000000000000000000000100000
0000000000000000000000000000000001000000
0000000000000000000000000000000001100001
0000000000000000000000000000000000000000
0000000000000000000000000000000000000000
0000000000000000000000000000000000000000
0000000000000000000000000000000000000000
0000000000000101000000000000000000000000
0000000000000101000000000000000000000000
0000000000000101000000000000000000000000
0000000000000000000000000000000000000000
0000000000000000000000000000000000000000
0000100000000000000000000000000000000001
0001010000000000000000000000000000000000
0000100000000000000000000000000000000000
0000000000000000000000000011001010000000
0000000000000000000000000000110000000000
0000000000000000000000000011010000000000
0000000000000000000000000000000000000000
0000000000000000000000000000000000000000
0000000000000000000000000000000000000000
0000000000111000000000000000000000000000
0000000000001000000000000000000000000000
0000000001101000000000000000000000000000
0000000000100000000000000000000000000000
0000000000000000000000000000000000000000
0000000000000000000000000000000000000000
0000000000000000000000000000000000000000
0000000000000000000000000000000000000000
0000000000000000000000000000000000000000
0000000000000000000000000000000000000000
0000000000000000000000000000000000000001
0000000000000000000000000000000000000000